20
2 1 1 3 4 4 5 3 2 1 2 4 5 2 1 1 3 4 4 2
12345 2 1 1 1 4 4 3 3 2 1 2 4 5 2 2 1 4 4 4 3
23456 2 1 1 2 3 4 5 3 2 1 2 4 5 2 1 2 3 4 4 1
14567 1 2 1 3 4 4 3 3 2 1 2 4 5 2 2 1 4 4 4 2
15678 2 1 2 3 3 4 5 3 1 1 3 4 5 2 1 1 3 4 4 2
16789 2 1 1 3 4 4 5 3 2 1 2 4 5 2 1 1 3 4 4 2
17890 2 1 1 3 4 4 5 3 2 1 2 4 5 2 2 1 4 4 4 3
12245 1 2 1 3 4 4 3 3 2 1 4 4 5 2 2 1 4 4 4 2
12256 2 1 2 3 3 4 5 3 1 1 2 4 5 2 1 1 3 4 4 2
22345 2 1 1 2 3 4 5 3 2 1 2 4 5 2 1 2 3 4 4 1
22456 1 2 1 3 4 4 3 4 2 1 2 4 5 2 2 1 4 4 4 2
13244 2 1 1 3 3 4 5 3 1 1 3 4 5 2 1 1 3 4 4 2
22458 2 2 1 3 4 4 5 3 2 1 2 4 5 2 1 1 3 4 4 2
23678 2 1 3 3 4 4 5 3 2 1 2 4 5 2 2 4 4 4 4 3
24567 2 1 2 3 3 4 5 3 2 1 2 4 5 1 1 2 3 3 4 1
11412 2 1 2 3 3 4 5 3 1 2 2 4 4 2 1 1 3 4 4 2